0.3256932694654567 0.3524010167300696
0.6155342800663992 0.35914763417226975
29.00603142508167 65.64374081411883
240.62298238743068 145.23324528381056
77.11698383633217 25.764277866571796
194.43549425739778 73.51176908984799
56.864524450134155 30.589476965142374
44.9033509416652 27.87272855123678
1.881034264306375 0.6539936562402797
-0.0007882119937431072 1.7190761215785357
122.92915031154199 58.9208255155049
0.8343313247014764 0.34189102302410695
349.6291024185276 119.26471044904733
0.00777164525019352 2.316816758842826
93.31673753266061 63.69209276008404
1.2428056235526848 0.8822791208719266
56.8642218431874 30.589418896564023
91.95872051851629 51.68844794975813
1.5760155735398564 0.7484002825406608
0.9551643810454895 0.10583669002620073
