0.31931056911614364 0.3501310540298025
0.6212114546864894 0.35694447784659067
29.09505374373805 65.41073116547003
240.96834925958743 145.53021922872549
77.10841815789674 25.771465159269592
194.57727562561575 73.6567288753554
56.88294385435583 30.59349904345122
44.88909713382884 27.74130472030299
1.8801262914109347 0.6538672517055819
-0.003654625323732202 1.7182604056910413
123.68499215117355 58.99086158795366
0.7640773094544216 0.26812319640686094
350.9652495649926 120.07251187228759
0.005198771738467398 2.3203964594338005
93.86840832854796 64.29047043878603
1.241366595674718 0.8812338971115418
56.88264092286025 30.59344189831011
92.58295695832933 52.206287472508784
1.5752573579982303 0.748250053520365
0.9552192399221866 0.10546460155662583
